"Blocking Key Value","Frequency"
"cca","4"
"ksi","1"
"ksh","3"
"koç","2"
"ksj","1"
"cce","3"
"kso","2"
"cci","4"
"cch","1"
"kss","3"
"ccm","1"
"kst","2"
"cco","12"
"ksw","2"
"tea","5"
"ccs","2"
"ted","28"
"ccr","2"
"tec","20"
"tef","2"
"tee","38"
"teg","7"
"tei","6"
"tel","67"
"tek","10"
"ten","22"
"kte","4"
"tem","20"
"tep","2"
"ktg","2"
"teo","2"
"ter","88"
"cda","2"
"kti","1"
"tet","3"
"tes","20"
"tev","2"
"tex","10"
"ktr","1"
"taú","4"
"cdo","2"
"kua","1"
"tfi","5"
"cdw","1"
"kub","3"
"kue","7"
"tfl","1"
"ürn","2"
"kug","2"
"tfo","3"
"cea","9"
"kui","1"
"th3","1"
"kuh","4"
"cec","2"
"ceb","6"
"kuj","2"
"cee","2"
"ced","8"
"kuo","2"
"cef","1"
"kun","1"
"cei","1"
"ceh","2"
"cek","2"
"kur","1"
"cem","14"
"cel","15"
"kut","1"
"kuw","6"
"cen","36"
"tga","2"
"ces","55"
"cer","9"
"cet","1"
"cex","1"
"tgl","2"
"cez","2"
"tgp","1"
"pão","1"
"tgo","2"
"tgr","1"
"üst","1"
"kvi","2"
"tgu","1"
"tha","18"
"thc","7"
"thb","2"
"the","28"
"cfs","1"
"thf","1"
"thi","2"
"thk","2"
"kwe","6"
"thl","1"
"kwg","1"
"tho","15"
"thn","3"
"thp","4"
"ths","6"
"thr","2"
"thu","1"
"tht","2"
"thw","3"
"cgi","2"
"thy","2"
"cgn","1"
"tia","21"
"tic","28"
"tif","6"
"tie","54"
"tig","3"
"tij","2"
"til","9"
"tin","42"
"tim","5"
"tio","30"
"tir","3"
"cha","40"
"chd","4"
"tit","1"
"chc","4"
"tis","21"
"tiv","24"
"che","58"
"tix","2"
"tiz","4"
"chi","41"
"chl","2"
"chn","4"
"chm","3"
"chp","1"
"tja","5"
"cho","11"
"chr","10"
"cht","1"
"tje","1"
"chs","4"
"chu","16"
"kya","2"
"chw","2"
"kyb","2"
"cia","22"
"cic","4"
"cib","2"
"cie","12"
"kym","2"
"tju","1"
"cid","2"
"cig","2"
"kyo","18"
"cif","18"
"tjx","2"
"cim","5"
"kyu","10"
"cio","5"
"kyw","1"
"cin","10"
"cip","4"
"tka","2"
"cis","8"
"cir","2"
"cit","23"
"tkr","1"
"cjc","2"
"kzo","2"
"tla","12"
"tle","5"
"tlf","1"
"tli","4"
"tlo","2"
"cka","4"
"ckc","1"
"cke","14"
"ckd","2"
"ckg","2"
"cki","6"
"ckh","3"
"ckl","2"
"ckp","2"
"tma","2"
"cks","3"
"ckr","4"
"tmc","2"
"ckt","1"
"tme","1"
"ckw","4"
"tmi","5"
"tmo","1"
"cla","8"
"cle","7"
"cli","1"
"clp","2"
"tna","5"
"clo","2"
"tne","10"
"tni","1"
"tnk","1"
"tnl","1"
"tno","1"
"cme","3"
"cié","2"
"ciè","2"
"cmo","2"
"tob","6"
"cmp","1"
"cms","2"
"tod","3"
"toc","10"
"tof","2"
"toe","2"
"toh","6"
"tog","2"
"toi","3"
"tol","10"
"tok","16"
"ton","39"
"tom","42"
"top","6"
"too","2"
"tor","36"
"tot","6"
"tos","10"
"tov","1"
"tou","5"
"cnh","1"
"tow","8"
"toz","2"
"toy","9"
"cnp","3"
"tpa","8"
"cno","4"
"cnr","1"
"tpc","4"
"tpe","2"
"tpi","1"
"tpk","1"
"tpo","1"
"coa","12"
"coc","16"
"cob","10"
"tpr","2"
"coe","1"
"cod","4"
"cog","2"
"cof","1"
"tpv","1"
"coi","1"
"coh","2"
"com","95"
"col","23"
"coo","6"
"con","43"
"cop","13"
"cos","25"
"cor","50"
"cou","6"
"cot","5"
"cow","3"
"cov","8"
"lab","9"
"laa","2"
"lac","8"
"laf","2"
"lae","4"
"lah","5"
"lag","2"
"cpa","4"
"lai","5"
"lal","3"
"lak","4"
"cpf","2"
"lan","50"
"cpe","4"
"lam","11"
"tqu","2"
"lap","2"
"lao","2"
"lar","26"
"cpi","1"
"lat","11"
"las","21"
"lav","4"
"lau","9"
"lax","5"
"tra","54"
"cpo","24"
"law","2"
"cpr","3"
"lay","5"
"tre","25"
"lba","7"
"tri","79"
"lbe","3"
"tro","82"
"tru","27"
"trw","1"
"try","15"
"lbr","4"
"tsb","2"
"tsa","3"
"tsc","15"
"cqu","2"
"tse","2"
"lca","7"
"tsi","3"
"tsk","2"
"tsm","3"
"tsp","5"
"tso","4"
"crb","2"
"cra","4"
"lci","3"
"çúc","1"
"tst","4"
"tss","4"
"cre","16"
"tsu","54"
"crh","2"
"le2","1"
"lco","15"
"cri","4"
"tsy","2"
"tta","3"
"cro","15"
"crr","1"
"ttb","2"
"tte","8"
"ttd","1"
"ttg","2"
"cru","8"
"lda","4"
"tti","4"
"tth","2"
"ldc","2"
"lde","4"
"ldd","1"
"ttl","3"
"tto","4"
"ldf","4"
"ldi","6"
"ldh","1"
"ttp","4"
"csc","1"
"tts","1"
"ttr","2"
"cse","4"
"ldm","6"
"ãoa","1"
"csf","1"
"csh","5"
"lds","6"
"ldr","5"
"ldu","2"
"csl","2"
"ldt","1"
"ldw","3"
"csn","1"
"ldy","3"
"tua","3"
"css","2"
"csr","1"
"tuf","1"
"cst","4"
"tug","5"
"leb","2"
"csx","2"
"lea","13"
"tui","6"
"led","3"
"tul","1"
"lec","91"
"lef","4"
"tun","2"
"lee","1"
"tum","4"
"leg","9"
"tur","36"
"cta","1"
"lei","2"
"lel","7"
"tut","2"
"lek","8"
"len","21"
"cte","3"
"lem","4"
"lep","5"
"leo","6"
"ler","20"
"cti","12"
"ctl","1"
"let","5"
"les","32"
"lev","6"
"leu","21"
"lex","7"
"tva","1"
"cto","10"
"lew","2"
"ctr","74"
"lez","1"
"ley","10"
"cts","9"
"ctu","2"
"lfa","3"
"lfc","1"
"lfe","2"
"lfi","3"
"cue","2"
"lfo","6"
"cui","2"
"lfr","2"
"cum","2"
"cul","3"
"twa","8"
"cus","1"
"cur","30"
"twe","3"
"lga","7"
"lgd","2"
"lgc","2"
"lge","6"
"lgh","1"
"two","11"
"lgi","1"
"lgr","9"
"cré","1"
"lgu","2"
"cvr","1"
"cvs","2"
"lha","2"
"lhe","4"
"txo","1"
"cwe","1"
"lho","2"
"lhu","2"
"tyb","1"
"tyd","2"
"tyc","2"
"tyf","2"
"tye","1"
"tyh","2"
"tyg","2"
"lib","13"
"lia","56"
"tyi","7"
"lid","4"
"lic","23"
"lif","28"
"lie","4"
"tym","2"
"lig","1"
"tyr","3"
"lil","4"
"tyt","3"
"lik","1"
"tys","4"
"lin","76"
"tyv","2"
"lim","3"
"lip","10"
"lio","2"
"liq","1"
"lit","12"
"lis","3"
"liv","8"
"liu","4"
"lix","3"
"liz","2"
"tze","2"
"tzg","2"
"lja","2"
"lje","2"
"cyb","1"
"cys","3"
"cyr","1"
"cyt","1"
"lkb","2"
"lka","2"
"lko","5"
"lkr","1"
"lkq","1"
"lks","4"
"czn","1"
"czo","1"
"lla","25"
"llc","4"
"llb","4"
"lle","19"
"lli","34"
"llo","16"
"lln","2"
"llp","1"
"lls","17"
"llr","3"
"llu","4"
"llt","2"
"llv","2"
"lly","7"
"lma","7"
"lme","1"
"lmi","6"
"lmo","3"
"lmy","2"
"lna","2"
"lne","1"
"lni","2"
"lob","11"
"loa","2"
"lod","2"
"loc","7"
"loe","2"
"log","12"
"loj","1"
"loi","1"
"lon","14"
"lom","5"
"lop","5"
"loo","1"
"lor","13"
"lot","7"
"lov","2"
"lou","1"
"low","5"
"loy","7"
"uad","2"
"lpa","2"
"lpe","4"
"ual","6"
"uan","24"
"lpi","3"
"lph","7"
"uar","4"
"uau","1"
"uat","3"
"lpo","6"
"uax","2"
"lpr","1"
"lpu","3"
"ubb","6"
"uba","6"
"ube","2"
"lqa","2"
"ubi","23"
"ubl","18"
"ubo","4"
"ubr","2"
"daa","1"
"dad","2"
"ubs","2"
"daf","2"
"dae","2"
"ubu","2"
"dah","1"
"dag","1"
"dai","39"
"dal","7"
"dak","1"
"dan","23"
"dam","6"
"uca","3"
"dao","3"
"dar","13"
"daq","3"
"ucb","2"
"dat","12"
"uce","1"
"das","9"
"dav","6"
"dau","5"
"lra","6"
"uch","6"
"uck","5"
"day","1"
"lre","10"
"ucl","1"
"uco","6"
"dba","9"
"ucr","2"
"dbe","2"
"uct","14"
"lro","5"
"dbi","2"
"lru","3"
"uda","4"
"dbs","2"
"dbr","3"
"ude","7"
"udh","7"
"udg","2"
"lsb","4"
"lsa","6"
"udi","17"
"lsc","2"
"lsf","2"
"lse","11"
"lsh","3"
"udo","5"
"dca","2"
"lsi","1"
"dcc","2"
"lsk","6"
"uds","1"
"lsm","2"
"dch","2"
"lsp","1"
"lso","6"
"lsr","4"
"lst","7"
"lsu","2"
"uea","1"
"dco","7"
"uec","3"
"lsy","2"
"uee","2"
"uef","1"
"lta","13"
"ueh","1"
"lte","8"
"uem","2"
"ltd","2"
"uel","14"
"uen","2"
"lti","1"
"lth","20"
"ues","9"
"uer","3"
"dde","1"
"ltl","1"
"uet","1"
"lto","5"
"ddi","4"
"uex","1"
"lts","2"
"ltr","10"
"uez","1"
"ltu","2"
"lty","9"
"uff","1"
"ufj","4"
"lua","1"
"luc","1"
"luf","2"
"lue","3"
"luj","1"
"ufr","1"
"dea","4"
"ded","2"
"lul","1"
"uft","2"
"dec","6"
"luk","2"
"lun","4"
"dee","3"
"lum","6"
"ufu","1"
"lup","1"
"luo","2"
"lur","4"
"luq","1"
"del","38"
"lut","1"
"lus","4"
"den","38"
"dem","4"
"dep","5"
"lux","6"
"uga","6"
"luw","2"
"der","18"
"luz","2"
"det","2"
"uge","2"
"des","5"
"dev","9"
"deu","15"
"dex","6"
"lva","4"
"ugi","1"
"ugh","2"
"lve","2"
"ugm","1"
"ugo","7"
"dfc","4"
"ugu","2"
"lvo","2"
"1au","1"
"dfi","1"
"dfo","3"
"uha","3"
"dfs","1"
"dfu","2"
"uhe","3"
"lwa","18"
"lwe","2"
"uho","6"
"dgb","2"
"dgc","1"
"dge","8"
"lwo","4"
"dgo","1"
"uic","5"
"uib","2"
"uid","2"
"uig","1"
"dgu","1"
"uif","3"
"uih","2"
"uik","2"
"uim","1"
"uil","4"
"uio","2"
"uin","7"
"dha","9"
"uis","8"
"dhe","3"
"uit","15"
"uiy","1"
"dho","1"
"dhr","2"
"dhy","1"
"lyb","1"
"lya","3"
"uji","8"
"lyd","1"
"lyc","3"
"lyf","2"
"dib","4"
"dia","65"
"did","2"
"lyl","1"
"dic","12"
"lyk","1"
"dif","2"
"die","9"
"lym","2"
"uju","2"
"dih","1"
"lyp","2"
"dig","9"
"lyo","2"
"lyr","2"
"dil","1"
"lyt","2"
"lys","1"
"din","16"
"dim","1"
"lyu","1"
"dip","2"
"uka","3"
"dio","7"
"dir","5"
"dit","18"
"uke","4"
"dis","22"
"dix","2"
"uki","3"
"lzg","1"
"uko","6"
"dja","2"
"uku","4"
"lzo","1"
"djo","1"
"ula","9"
"ulc","1"
"ulf","1"
"ule","1"
"uli","6"
"ull","4"
"ult","13"
"uls","1"
"uma","2"
"umb","5"
"ume","2"
"dks","1"
"umi","26"
"umm","7"
"umo","2"
"dla","2"
"ump","1"
"dle","3"
"dlf","1"
"dli","2"
"una","6"
"und","20"
"unc","4"
"une","2"
"unh","2"
"ung","35"
"unj","2"
"uni","64"
"unl","2"
"unn","1"
"unm","2"
"unp","2"
"unr","1"
"dma","9"
"unt","16"
"unu","2"
"unz","2"
"dmi","3"
"uny","1"
"uoc","1"
"dmu","2"
"uok","4"
"uol","1"
"uop","2"
"uos","1"
"dnb","2"
"uor","2"
"uot","1"
"upa","4"
"upe","7"
"upi","2"
"upl","2"
"upm","2"
"upp","8"
"upo","23"
"dob","4"
"dod","2"
"doc","1"
"doe","2"
"doh","2"
"dol","7"
"don","24"
"dom","3"
"doo","5"
"dor","6"
"dot","1"
"dos","5"
"dov","4"
"dou","1"
"maa","4"
"dow","2"
"mac","10"
"mae","4"
"mad","4"
"mag","10"
"dpa","2"
"mai","5"
"mah","9"
"mak","1"
"dpe","2"
"uqu","1"
"mal","4"
"mao","3"
"man","32"
"map","3"
"mas","10"
"mar","55"
"mat","29"
"dpo","2"
"mav","1"
"may","3"
"urb","5"
"max","7"
"ura","43"
"dpr","4"
"maz","4"
"urc","43"
"urf","4"
"ure","13"
"dpw","2"
"urg","8"
"urj","1"
"mba","7"
"uri","32"
"mbc","1"
"urk","6"
"mbe","5"
"urp","2"
"uro","7"
"mbi","5"
"mbl","4"
"urt","2"
"urs","5"
"uru","5"
"mbo","2"
"mbr","4"
"ury","11"
"usa","6"
"usc","4"
"usb","3"
"use","14"
"usg","1"
"1me","2"
"usf","1"
"mca","2"
"usi","9"
"ush","9"
"mcc","2"
"usk","2"
"mce","3"
"usm","3"
"mcd","2"
"dra","8"
"mck","2"
"uss","4"
"drb","1"
"dre","5"
"mcm","2"
"mcl","2"
"ust","63"
"mco","8"
"dri","6"
"drh","2"
"dro","9"
"drp","2"
"uta","3"
"utc","5"
"dru","1"
"ute","11"
"uth","14"
"mda","3"
"uti","5"
"mdc","1"
"utn","2"
"uto","34"
"dsb","2"
"utr","1"
"dsa","2"
"dsc","2"
"uts","13"
"dse","5"
"utu","2"
"dsh","1"
"mdo","1"
"dsi","2"
"uty","1"
"dsl","2"
"f5n","1"
"dsm","6"
"dso","3"
"dst","7"
"dsv","1"
"dsu","1"
"mea","3"
"mec","4"
"dsy","2"
"meb","1"
"mee","1"
"med","24"
"meg","3"
"mei","4"
"dte","4"
"mel","5"
"men","30"
"mes","10"
"mer","89"
"met","30"
"dto","1"
"mew","3"
"mex","8"
"dts","1"
"dtr","2"
"uve","1"
"mfb","2"
"uvi","1"
"dub","2"
"duc","14"
"duf","1"
"due","1"
"duk","2"
"dup","2"
"uwa","6"
"dut","4"
"uwe","2"
"dus","31"
"mge","2"
"dva","7"
"dvb","2"
"dve","1"
"mgm","2"
"dvi","2"
"mgr","2"
"ärt","2"
"uxo","2"
"dwa","3"
"dwe","1"
"mho","1"
"dwi","5"
"uya","3"
"uyg","2"
"mia","1"
"mic","41"
"mie","3"
"mid","4"
"mig","3"
"uyo","1"
"dxc","1"
"1sr","1"
"uyu","1"
"mil","9"
"uyt","2"
"min","39"
"mis","3"
"mir","7"
"mit","64"
"miy","1"
"miz","6"
"uze","1"
"uzh","1"
"dye","2"
"uzu","6"
"dyn","3"
"dys","2"
"mke","1"
"mky","2"
"dzu","1"
"mle","2"
"mli","1"
"ièr","2"
"mma","3"
"mme","23"
"mmi","8"
"mmo","5"
"mmu","9"
"iét","2"
"mne","1"
"mni","3"
"mob","15"
"moe","2"
"mod","1"
"mof","2"
"moh","2"
"mom","10"
"mol","8"
"moo","3"
"mon","32"
"mos","13"
"mor","19"
"mou","6"
"mot","18"
"vab","3"
"vac","3"
"ea7","1"
"vag","1"
"mpb","2"
"mpa","6"
"vai","1"
"val","24"
"mpc","1"
"vak","2"
"van","9"
"mpe","7"
"mph","2"
"var","7"
"mpi","2"
"mpl","1"
"vat","4"
"vas","2"
"vau","1"
"mpo","5"
"mpr","3"
"vay","2"
"mps","2"
"mpu","10"
"eac","2"
"eab","2"
"eae","2"
"ead","10"
"eag","4"
"eai","5"
"eak","2"
"eam","4"
"eal","44"
"ean","11"
"eas","34"
"ear","15"
"eau","9"
"eat","8"
"eav","13"
"eaz","2"
"mre","3"
"eba","10"
"ebe","7"
"mro","2"
"ebo","4"
"ebr","8"
"ebu","1"
"msa","5"
"msc","2"
"eca","2"
"ecc","3"
"ece","8"
"msm","2"
"mso","2"
"eci","7"
"ech","8"
"msp","1"
"eck","9"
"msu","16"
"ecl","1"
"eco","36"
"veb","2"
"ecp","1"
"ved","2"
"ecr","1"
"vec","1"
"ecu","27"
"ect","80"
"veg","2"
"vel","8"
"ven","17"
"veo","3"
"edb","7"
"ver","48"
"eda","15"
"edd","2"
"vet","1"
"edc","2"
"rás","2"
"ves","15"
"edf","2"
"mtn","2"
"ede","14"
"edh","3"
"edg","1"
"mtr","3"
"edi","50"
"edm","6"
"edp","6"
"edo","5"
"edr","1"
"edt","4"
"eds","3"
"edu","3"
"edw","2"
"edz","1"
"muc","2"
"eea","1"
"eec","4"
"eee","2"
"eed","3"
"mul","1"
"mun","12"
"mus","5"
"mur","9"
"eel","43"
"mut","2"
"een","14"
"eep","2"
"ees","2"
"eer","4"
"eeu","1"
"eet","4"
"efb","1"
"efa","2"
"eff","1"
"efe","1"
"efg","1"
"efi","3"
"efo","8"
"eft","8"
"efu","1"
"mwa","2"
"ega","13"
"ege","4"
"mwo","2"
"egi","4"
"egh","2"
"ego","2"
"via","9"
"vid","5"
"egr","9"
"vic","15"
"egu","1"
"vie","12"
"vil","2"
"vik","2"
"vin","4"
"vim","1"
"vip","1"
"vir","6"
"eha","3"
"vit","3"
"vis","14"
"viv","6"
"ehe","1"
"viu","1"
"viz","2"
"ehi","1"
"ehn","1"
"eho","5"
"mye","2"
"eic","5"
"eib","1"
"eie","1"
"eid","9"
"myl","2"
"eig","2"
"eif","2"
"eii","1"
"eik","5"
"eij","9"
"eil","4"
"ein","19"
"eis","3"
"eir","5"
"eit","5"
"eiy","4"
"eji","1"
"el3","2"
"efó","2"
"ekc","2"
"ekb","1"
"eke","2"
"eki","6"
"ekl","2"
"eko","8"
"réa","2"
"réd","1"
"ekt","3"
"rég","1"
"elb","2"
"ela","12"
"eld","13"
"elc","2"
"elf","2"
"ele","116"
"elh","2"
"elg","4"
"vmw","2"
"eli","25"
"ell","52"
"elk","3"
"eln","1"
"elm","1"
"elp","5"
"elo","14"
"elt","8"
"vne","2"
"els","20"
"elv","1"
"elu","4"
"elx","1"
"ely","2"
"ema","22"
"emc","1"
"emb","3"
"eme","24"
"emd","2"
"emg","2"
"emi","29"
"emo","4"
"emn","1"
"emp","6"
"ems","19"
"vod","2"
"aér","1"
"voe","1"
"vol","6"
"von","7"
"vop","1"
"enb","5"
"vor","3"
"ena","20"
"end","14"
"vot","1"
"enc","26"
"enf","1"
"ene","47"
"vou","1"
"enh","2"
"eng","17"
"voz","2"
"eni","17"
"voy","1"
"enl","1"
"enk","12"
"enn","13"
"enm","1"
"enp","3"
"eno","13"
"enr","8"
"ent","131"
"ens","26"
"env","4"
"enu","3"
"enx","1"
"enw","3"
"enz","3"
"eoe","1"
"eog","2"
"eoi","2"
"eok","2"
"eol","2"
"eon","12"
"eop","4"
"eor","2"
"eot","2"
"nab","1"
"nad","29"
"nac","4"
"nah","3"
"açú","1"
"nag","13"
"epa","7"
"nai","20"
"nal","20"
"epc","1"
"epf","1"
"nan","26"
"epe","2"
"nam","10"
"eph","2"
"nap","6"
"nar","9"
"epi","1"
"nat","28"
"nas","18"
"nav","4"
"elé","2"
"nau","3"
"epp","4"
"vra","1"
"epo","14"
"epr","5"
"eps","6"
"epu","6"
"nba","7"
"nbe","4"
"nbd","2"
"vro","2"
"nbl","1"
"nbr","4"
"nbu","5"
"nbw","2"
"vsc","1"
"equ","8"
"eqt","2"
"vsh","1"
"el?","1"
"nca","18"
"ncd","2"
"ncc","3"
"vsk","1"
"nce","53"
"nch","9"
"erb","13"
"x5r","2"
"era","47"
"nci","14"
"erd","8"
"ncl","1"
"erc","49"
"nck","2"
"erf","3"
"ere","17"
"erh","6"
"erg","34"
"nco","68"
"ncr","3"
"eri","69"
"erl","5"
"erk","8"
"ncs","5"
"ern","35"
"erm","20"
"erp","15"
"ero","16"
"err","17"
"ncy","3"
"vtb","2"
"ert","50"
"ers","68"
"g4s","2"
"erv","15"
"eru","2"
"nda","33"
"erw","5"
"erz","2"
"ery","7"
"ndb","3"
"nde","21"
"ndg","1"
"ndf","2"
"esa","17"
"ndi","44"
"ndh","4"
"esc","13"
"esb","1"
"ndj","2"
"ese","14"
"ndl","3"
"esg","1"
"ndo","16"
"esf","4"
"esi","18"
"esh","5"
"esk","3"
"nds","25"
"ndr","9"
"ndu","36"
"esl","3"
"ndt","2"
"eso","50"
"esn","4"
"ndv","2"
"esp","9"
"ess","31"
"esr","1"
"esu","8"
"est","76"
"esy","4"
"neb","1"
"nea","1"
"ned","2"
"vul","1"
"nec","8"
"nef","10"
"nee","3"
"neh","1"
"neg","2"
"etb","1"
"eta","30"
"nei","2"
"etd","1"
"nel","11"
"etc","3"
"nek","2"
"vus","4"
"etf","1"
"nen","22"
"ete","8"
"nem","6"
"eth","2"
"nep","4"
"neo","4"
"etj","1"
"ner","53"
"eti","11"
"neq","2"
"etl","2"
"net","25"
"nes","49"
"etn","5"
"nex","18"
"new","24"
"etr","45"
"nez","1"
"ney","7"
"ett","5"
"ets","14"
"etw","9"
"ety","1"
"nfe","4"
"nfi","2"
"euc","2"
"nfl","1"
"eug","2"
"nfo","11"
"nfr","3"
"eum","19"
"año","1"
"eun","2"
"eus","8"
"eur","6"
"eut","16"
"ngb","9"
"nga","19"
"ngd","7"
"ngc","4"
"ngf","12"
"nge","29"
"ngh","32"
"ngg","6"
"ngj","3"
"eva","4"
"ngi","3"
"ngl","13"
"ngk","9"
"ngn","4"
"eve","26"
"ngm","1"
"ngp","6"
"ngo","13"
"ngr","9"
"evi","7"
"ngq","7"
"ngt","9"
"ngs","19"
"ngx","3"
"evo","3"
"ngw","1"
"evr","3"
"ngz","7"
"ngy","10"
"nha","5"
"nhe","4"
"nhf","1"
"ewa","6"
"nhi","2"
"ewc","5"
"ewe","10"
"nho","3"
"nhn","1"
"ewi","2"
"ewh","2"
"nhp","1"
"nhs","1"
"ewm","2"
"nhu","7"
"ewl","4"
"ewo","2"
"ews","4"
"ewr","1"
"vye","1"
"eww","2"
"ewy","4"
"nib","5"
"nia","2"
"vyi","2"
"nid","3"
"ewz","1"
"nic","48"
"nif","1"
"nie","8"
"nig","2"
"exa","8"
"nil","6"
"exc","8"
"nik","4"
"nin","34"
"exe","4"
"nim","4"
"nip","30"
"nio","10"
"nk1","1"
"nir","4"
"exi","12"
"niq","1"
"nit","35"
"nis","7"
"niv","4"
"niu","6"
"exp","19"
"nix","5"
"exo","4"
"niz","2"
"ext","12"
"exx","3"
"nja","2"
"nji","5"
"eyc","2"
"eyb","2"
"eye","4"
"eyd","2"
"njo","2"
"eyi","2"
"eyo","2"
"eyn","2"
"eyp","1"
"eyw","2"
"nkb","1"
"nka","4"
"nke","9"
"nki","15"
"ezd","2"
"nkl","2"
"ezh","2"
"nko","6"
"nkr","4"
"nks","5"
"nku","1"
"nky","4"
"ezu","1"
"nla","7"
"nle","6"
"nli","2"
"nma","8"
"nmd","1"
"nme","7"
"nmi","7"
"nmo","7"
"nna","16"
"nne","18"
"nni","5"
"nno","5"
"nnr","2"
"nnu","1"
"nnt","2"
"nnv","1"
"nob","6"
"nod","2"
"noc","2"
"nof","2"
"noh","2"
"nog","1"
"noi","13"
"nol","11"
"nok","3"
"non","7"
"nom","7"
"nop","6"
"noo","4"
"nor","25"
"nos","4"
"nov","24"
"nox","1"
"now","1"
"wab","2"
"wae","1"
"aús","2"
"wad","1"
"wag","2"
"aúu","2"
"waf","2"
"npa","13"
"wai","6"
"wah","2"
"npc","1"
"npe","6"
"wal","12"
"wan","16"
"nph","3"
"was","10"
"war","12"
"wau","1"
"wat","10"
"npo","11"
"way","31"
"npp","2"
"npr","14"
"fab","1"
"nqi","1"
"fac","3"
"fah","2"
"fag","4"
"fai","2"
"fal","5"
"fan","9"
"fam","1"
"nqu","5"
"far","10"
"wce","3"
"fas","5"
"fax","3"
"nra","10"
"nre","16"
"nrg","2"
"fba","3"
"nri","1"
"wcr","2"
"nro","3"
"fbo","2"
"nry","2"
"fbr","1"
"nsb","7"
"nsa","12"
"nsd","2"
"nsc","8"
"nsf","1"
"nse","12"
"nsh","9"
"nsi","5"
"nsl","2"
"fcc","1"
"nsk","10"
"nsn","2"
"nsp","2"
"nso","23"
"nsr","1"
"nst","24"
"nsu","10"
"wea","2"
"wec","1"
"fcs","1"
"wed","3"
"weg","2"
"nta","44"
"wei","5"
"ntc","2"
"ntb","1"
"nte","50"
"wel","19"
"ntg","2"
"wen","7"
"nti","51"
"nth","2"
"wep","2"
"wes","31"
"wer","61"
"ntm","2"
"ntl","2"
"nto","25"
"ntn","3"
"wey","2"
"ntp","3"
"wex","1"
"nts","26"
"ntr","34"
"ntu","20"
"ntt","3"
"ntw","2"
"nty","3"
"nuc","5"
"nui","2"
"fed","3"
"nul","2"
"nun","2"
"fee","1"
"num","7"
"fei","1"
"nut","2"
"fen","4"
"fem","2"
"fer","7"
"fet","1"
"fes","3"
"nva","1"
"few","1"
"nve","9"
"ffa","4"
"nvi","6"
"wgp","1"
"wgr","2"
"ffe","2"
"ffi","3"
"nvr","1"
"bâl","1"
"ffl","1"
"wha","5"
"ffs","3"
"whe","3"
"nwa","5"
"whi","5"
"nwe","2"
"nwh","5"
"who","6"
"nwi","3"
"nwo","3"
"wia","1"
"wid","4"
"wig","2"
"nxe","2"
"wim","2"
"wil","8"
"win","8"
"nxi","5"
"wip","2"
"wis","6"
"wir","2"
"nxp","1"
"nya","3"
"nyh","1"
"fib","2"
"fia","1"
"fid","5"
"fic","27"
"fif","2"
"fie","9"
"fil","3"
"nys","1"
"fin","17"
"nyu","2"
"fir","24"
"fit","2"
"fis","7"
"nza","1"
"fiz","2"
"nzi","1"
"nzh","6"
"nzl","2"
"fjl","2"
"wle","2"
"wli","2"
"wmm","1"
"wmo","4"
"fla","4"
"fle","6"
"fli","1"
"flo","3"
"wnc","2"
"flu","2"
"wnf","2"
"wng","1"
"wnp","1"
"wnr","1"
"fmc","3"
"woi","1"
"woh","3"
"wol","3"
"woo","9"
"wor","29"
"fno","2"
"wpg","1"
"wpp","2"
"foc","1"
"fol","4"
"fon","4"
"h32","1"
"foo","25"
"for","36"
"fos","8"
"fou","4"
"fox","1"
"oac","4"
"oad","8"
"oam","2"
"oal","10"
"oar","3"
"oav","2"
"wrb","2"
"wre","1"
"oba","23"
"obe","6"
"obi","21"
"obl","5"
"obp","3"
"obo","2"
"obr","10"
"obt","1"
"obs","2"
"wse","1"
"oca","11"
"occ","2"
"oce","10"
"wso","1"
"fra","15"
"oci","7"
"och","10"
"ock","21"
"fre","12"
"wst","1"
"oco","8"
"fri","1"
"ocs","1"
"ocr","3"
"ocu","1"
"oct","2"
"fro","7"
"wta","2"
"wth","2"
"fry","1"
"oda","9"
"ode","11"
"odh","1"
"odi","1"
"fse","2"
"odm","2"
"fsh","1"
"odp","2"
"odo","6"
"odr","2"
"ods","21"
"fsn","1"
"odu","8"
"fsr","1"
"ody","7"
"fsu","1"
"wuh","1"
"wul","2"
"oei","2"
"oaç","1"
"ftb","2"
"fte","2"
"oem","2"
"oel","10"
"ftf","1"
"oen","5"
"fth","5"
"oep","2"
"oes","2"
"oer","2"
"oet","2"
"oew","2"
"ftw","2"
"ofa","3"
"off","6"
"fub","2"
"ofi","4"
"fud","3"
"ofl","2"
"fue","2"
"fuj","7"
"ful","1"
"oft","6"
"fuk","3"
"fun","2"
"wwa","1"
"fur","1"
"fus","1"
"wwg","2"
"oga","6"
"fuy","2"
"oge","8"
"ogd","2"
"ogg","2"
"wwo","2"
"ogi","7"
"ogl","2"
"ogo","3"
"www","2"
"ogn","2"
"ogr","4"
"ogy","1"
"oha","11"
"ohj","1"
"ohl","3"
"ohn","10"
"oho","7"
"ohy","2"
"wyo","4"
"wyn","4"
"oil","34"
"oin","10"
"ois","3"
"oit","5"
"wze","1"
"oja","1"
"oje","2"
"oji","4"
"oka","4"
"oke","2"
"okf","2"
"oki","5"
"okk","4"
"okj","1"
"oko","2"
"okp","2"
"oku","19"
"okt","1"
"oky","14"
"wwü","2"
"ola","25"
"old","26"
"olc","1"
"ole","27"
"olh","2"
"olg","4"
"oli","27"
"oll","17"
"olk","4"
"oln","2"
"olm","2"
"olo","10"
"olr","2"
"olt","4"
"ols","12"
"olv","4"
"olu","6"
"olw","4"
"oly","8"
"oma","14"
"omc","2"
"omb","4"
"ome","17"
"omi","12"
"omm","33"
"oml","1"
"omo","43"
"omn","3"
"omp","12"
"oms","2"
"omr","2"
"omu","3"
"omv","1"
"omx","1"
"onb","7"
"ona","27"
"ond","23"
"onc","15"
"onf","5"
"one","49"
"onh","3"
"ong","59"
"onj","2"
"oni","36"
"onl","2"
"onn","5"
"onm","7"
"onp","16"
"ono","16"
"onr","4"
"onq","1"
"ont","30"
"ons","42"
"onw","4"
"onz","1"
"ony","7"
"ooc","4"
"ood","33"
"oog","1"
"ooi","1"
"ook","9"
"oom","1"
"ool","8"
"oon","1"
"oop","2"
"oos","3"
"oor","6"
"oot","5"
"xab","2"
"süd","1"
"xag","2"
"opa","6"
"xai","2"
"opc","2"
"opf","1"
"xan","1"
"ope","46"
"xam","1"
"oph","4"
"opg","2"
"xar","1"
"opl","6"
"xas","2"
"opm","3"
"xau","2"
"opp","8"
"opo","15"
"opr","4"
"opt","2"
"ops","1"
"opu","6"
"gaa","1"
"gac","1"
"gag","1"
"gaf","1"
"gai","2"
"gak","2"
"gam","4"
"gal","14"
"gan","26"
"gap","6"
"gas","28"
"gar","14"
"gat","7"
"xce","2"
"xch","8"
"ora","26"
"ord","12"
"gaz","3"
"orc","4"
"orf","5"
"ore","43"
"org","11"
"xco","2"
"gba","2"
"ori","29"
"orl","12"
"ork","21"
"orn","7"
"orm","19"
"orp","27"
"oro","6"
"orr","4"
"ort","54"
"ors","21"
"orv","1"
"oru","2"
"gbo","4"
"orw","2"
"ory","1"
"gbu","3"
"osa","31"
"osc","6"
"ose","5"
"gca","1"
"osi","2"
"osh","13"
"osk","2"
"gce","2"
"osm","6"
"oso","4"
"osn","2"
"gch","3"
"osp","1"
"oss","5"
"osu","7"
"ost","18"
"gco","1"
"osy","5"
"gct","2"
"ota","19"
"xel","4"
"ote","12"
"oth","3"
"opã","1"
"xer","2"
"gda","5"
"oti","15"
"otl","5"
"otk","1"
"xes","2"
"gdf","1"
"gde","2"
"otp","2"
"oto","15"
"otr","4"
"gdi","2"
"ott","10"
"ots","3"
"gdp","2"
"gdo","3"
"oty","2"
"oua","1"
"ouc","6"
"oub","4"
"oug","1"
"gea","5"
"oui","1"
"gec","2"
"geb","1"
"gee","1"
"oul","1"
"gef","3"
"oun","9"
"gei","2"
"geh","1"
"oup","8"
"ous","14"
"our","50"
"gem","5"
"gel","8"
"out","14"
"geo","6"
"gen","39"
"ouy","3"
"gep","1"
"ges","4"
"ger","18"
"get","6"
"gew","2"
"gex","2"
"ova","9"
"gez","2"
"ove","17"
"gfa","2"
"ovi","8"
"gfe","2"
"oré","2"
"ovo","8"
"gfi","5"
"ovs","1"
"gfn","2"
"ovu","4"
"gfo","3"
"gfs","2"
"owa","4"
"owe","65"
"gga","3"
"owh","2"
"owm","2"
"owo","1"
"own","13"
"ows","1"
"owt","4"
"ggo","3"
"xia","11"
"ggr","1"
"xic","8"
"xig","1"
"xil","5"
"xin","1"
"xim","3"
"xio","4"
"gha","23"
"oxi","1"
"xit","2"
"xis","9"
"ghe","8"
"ghm","1"
"gho","1"
"ght","6"
"ghu","3"
"oya","16"
"ghw","4"
"oyc","2"
"oye","1"
"oyd","4"
"oyg","1"
"gia","7"
"gic","7"
"gie","3"
"oyo","10"
"gil","6"
"gio","3"
"gin","8"
"giq","1"
"gis","6"
"git","4"
"giv","1"
"giz","1"
"gje","2"
"ozo","4"
"gji","3"
"ozu","1"
"ozy","2"
"tèm","1"
"gka","2"
"gko","7"
"gkn","2"
"tée","2"
"tég","2"
"gla","5"
"gle","4"
"gli","6"
"glo","16"
"glu","2"
"gma","2"
"gme","1"
"gmr","2"
"xof","1"
"xon","4"
"xor","2"
"gna","6"
"xot","2"
"gnc","1"
"xos","2"
"gne","2"
"gni","9"
"gnp","1"
"gno","4"
"gnt","1"
"xpe","7"
"xpl","3"
"xpo","2"
"goa","3"
"xps","1"
"gob","5"
"xpr","8"
"øll","2"
"god","2"
"gok","4"
"gom","1"
"gol","24"
"goo","6"
"gon","5"
"gos","2"
"gor","2"
"got","2"
"goy","3"
"pac","35"
"pae","1"
"gpa","1"
"pai","2"
"pal","14"
"pak","1"
"pan","21"
"gpe","1"
"pap","7"
"pao","2"
"par","23"
"pat","1"
"pas","4"
"gpo","4"
"gpr","2"
"pay","5"
"gpt","2"
"pba","1"
"pbe","2"
"pbf","2"
"pbi","2"
"gqi","6"
"pbu","2"
"gqu","1"
"gra","20"
"pcl","2"
"gre","26"
"pco","4"
"gri","19"
"xsy","2"
"gro","12"
"xte","5"
"xtg","1"
"gru","33"
"xtr","5"
"gse","3"
"gsd","3"
"gsh","2"
"gsu","6"
"gst","4"
"pea","6"
"ped","4"
"pec","5"
"peg","2"
"pel","6"
"pen","15"
"gte","2"
"pem","2"
"gth","2"
"pep","5"
"peo","4"
"per","72"
"pet","36"
"pes","1"
"pañ","1"
"peu","2"
"pex","2"
"gto","3"
"pey","1"
"pfa","1"
"gtz","2"
"gua","8"
"pfi","2"
"guc","2"
"gue","4"
"pfm","1"
"gud","2"
"pfl","2"
"gui","2"
"pfr","3"
"gul","1"
"guo","3"
"gun","2"
"gup","2"
"gur","1"
"gut","2"
"pge","6"
"pgl","1"
"pgn","3"
"pgr","2"
"xxa","1"
"pha","13"
"phe","4"
"xxo","2"
"gwa","2"
"phi","10"
"gwe","1"
"phl","1"
"pho","6"
"pht","2"
"phy","2"
"pic","1"
"pie","1"
"pil","2"
"xys","1"
"pin","15"
"pip","1"
"pio","2"
"pir","7"
"gxi","3"
"pit","6"
"piv","1"
"peñ","2"
"gya","1"
"gye","3"
"gyi","2"
"gyo","1"
"guê","1"
"gyu","4"
"pkn","2"
"gzh","7"
"pko","2"
"pla","12"
"ple","11"
"pld","1"
"pli","7"
"plo","3"
"plu","2"
"ply","4"
"léc","2"
"pme","3"
"pmk","2"
"pmo","4"
"pms","1"
"pnc","2"
"pob","3"
"poa","8"
"poc","2"
"poe","1"
"poh","1"
"pog","1"
"poi","9"
"pol","18"
"pok","2"
"pon","24"
"pom","3"
"pop","12"
"poo","4"
"por","26"
"pot","8"
"pos","8"
"pou","1"
"pow","53"
"poz","1"
"yac","1"
"yad","2"
"ppa","6"
"yah","2"
"yak","4"
"ppe","9"
"yam","12"
"yal","12"
"ppg","2"
"yao","2"
"yan","13"
"ppi","4"
"yap","2"
"yas","2"
"yar","3"
"yau","3"
"ppl","16"
"yat","2"
"ppo","22"
"pps","2"
"yaz","1"
"yba","2"
"ybd","1"
"ybe","1"
"ybg","1"
"ybl","2"
"hab","10"
"ybr","3"
"haa","1"
"hac","2"
"hae","5"
"a2a","1"
"hai","44"
"hal","10"
"ps6","2"
"hak","2"
"han","86"
"ham","7"
"hap","2"
"yca","1"
"har","42"
"hat","4"
"yce","3"
"has","4"
"pra","6"
"haw","6"
"ych","2"
"hay","4"
"pre","16"
"ycl","3"
"yco","4"
"hba","2"
"pri","23"
"hbc","2"
"ycr","1"
"hbe","2"
"pro","56"
"ycz","1"
"pru","5"
"pry","1"
"ydb","1"
"yda","2"
"yde","3"
"pse","1"
"psh","1"
"ydo","1"
"ydr","7"
"hca","11"
"psi","2"
"yds","2"
"psn","2"
"hce","2"
"pso","5"
"hcl","2"
"hcp","2"
"yea","3"
"hco","1"
"yel","2"
"yen","2"
"hda","2"
"yes","1"
"yer","6"
"hdf","4"
"yey","2"
"yex","1"
"pts","2"
"ptr","2"
"ptt","4"
"hds","1"
"hdw","2"
"pub","18"
"yfi","1"
"pud","2"
"pue","3"
"yfo","2"
"heb","5"
"yfr","2"
"hea","35"
"pul","8"
"hec","2"
"pun","2"
"hee","4"
"hej","1"
"pur","1"
"hei","12"
"hel","15"
"put","8"
"hek","1"
"pus","2"
"hen","30"
"hem","16"
"hep","3"
"yga","2"
"heo","2"
"her","36"
"het","5"
"hes","10"
"hev","2"
"heu","4"
"hex","5"
"hew","6"
"hey","4"
"ygl","3"
"pvh","2"
"ygu","2"
"hfi","1"
"hfo","3"
"yhe","5"
"pwo","2"
"yib","2"
"yil","2"
"yin","10"
"yit","1"
"yje","2"
"hib","5"
"hia","3"
"hic","5"
"hie","4"
"hih","2"
"hig","6"
"hij","2"
"hil","15"
"hik","5"
"hin","44"
"him","13"
"hip","6"
"hio","1"
"hir","11"
"hit","7"
"yke","2"
"his","5"
"hiu","4"
"hiz","2"
"hiy","1"
"hjh","1"
"pzu","2"
"hjo","1"
"yla","2"
"yle","1"
"yli","2"
"ylo","1"
"hkl","2"
"yma","2"
"yme","6"
"ymm","2"
"ymo","2"
"hla","4"
"ymp","2"
"hle","1"
"hli","1"
"yna","3"
"hls","2"
"ynd","4"
"dèr","1"
"ync","1"
"hlu","2"
"yne","1"
"yng","1"
"yni","2"
"ynn","4"
"yno","4"
"hma","4"
"hmc","2"
"uês","1"
"hmp","1"
"yoc","5"
"yob","1"
"yoe","4"
"yog","3"
"yoi","1"
"yok","2"
"yol","1"
"yon","5"
"yos","3"
"yor","6"
"hne","9"
"yot","12"
"hni","2"
"ypa","4"
"hns","9"
"ypf","2"
"ypr","3"
"hod","2"
"hof","2"
"hoe","2"
"hol","12"
"hok","14"
"hon","29"
"hom","7"
"hop","9"
"hoo","2"
"hor","13"
"hot","7"
"hos","4"
"hou","23"
"how","7"
"hoy","2"
"hpa","2"
"hpc","1"
"hpb","2"
"qan","2"
"hpl","1"
"qat","8"
"hpr","2"
"yre","7"
"qbe","2"
"yrv","1"
"ème","1"
"ysa","1"
"ysc","4"
"yse","2"
"ysi","3"
"ysk","2"
"ysm","2"
"ysl","1"
"yso","4"
"hra","2"
"yss","2"
"hrb","1"
"hre","4"
"yst","19"
"hrg","1"
"hri","2"
"hro","7"
"hrr","1"
"yte","1"
"5ne","1"
"yth","2"
"hry","1"
"yti","2"
"ytl","1"
"yto","1"
"hsb","2"
"ytr","3"
"hsa","1"
"hse","1"
"hsh","2"
"hsi","1"
"hsk","2"
"hsm","1"
"yua","5"
"yue","1"
"yud","1"
"yuf","1"
"yuh","2"
"hsy","2"
"yum","3"
"yul","1"
"yun","16"
"htc","1"
"yus","7"
"hte","4"
"yut","1"
"hth","2"
"hts","1"
"htr","1"
"yve","2"
"hub","4"
"hua","16"
"hud","1"
"hue","3"
"hug","7"
"hui","8"
"hun","14"
"hum","2"
"ywa","2"
"huo","2"
"hur","3"
"hut","3"
"ywe","2"
"hus","2"
"ywo","1"
"ère","3"
"5re","2"
"hwa","6"
"hwe","3"
"qia","2"
"qin","11"
"yzh","1"
"hya","5"
"hyd","7"
"hyn","2"
"hyo","3"
"hys","3"
"hyu","16"
"mès","2"
"mér","2"
"qom","1"
"zai","1"
"zal","1"
"zak","1"
"zan","2"
"zar","1"
"zba","2"
"iac","3"
"iab","4"
"iae","2"
"iad","2"
"iag","5"
"iai","4"
"iam","12"
"ial","52"
"iao","3"
"ian","81"
"zca","2"
"ias","8"
"iar","5"
"iau","2"
"iat","14"
"iay","3"
"ibb","3"
"iba","19"
"ibe","15"
"ibi","4"
"s66","2"
"ibm","2"
"zda","4"
"ibr","2"
"ibu","4"
"ica","90"
"icc","1"
"icb","2"
"ice","20"
"icd","2"
"ñol","3"
"ici","15"
"ich","27"
"ick","10"
"ico","34"
"icp","30"
"zea","1"
"ics","37"
"icr","14"
"icu","4"
"ict","1"
"icz","1"
"zen","6"
"zep","2"
"zeo","2"
"idb","3"
"zer","5"
"ida","6"
"zeq","2"
"ide","35"
"idg","7"
"idi","7"
"idl","2"
"ido","5"
"ids","2"
"idv","1"
"idu","5"
"qua","10"
"que","10"
"qui","15"
"ieb","4"
"ied","5"
"ief","1"
"iei","1"
"iem","6"
"iel","24"
"ien","23"
"ies","56"
"ier","15"
"éal","2"
"iet","6"
"úca","1"
"zgi","1"
"zgl","2"
"ifb","2"
"ifa","1"
"iff","6"
"ife","24"
"ifi","30"
"ifo","6"
"ifr","2"
"ift","2"
"zhe","7"
"ifu","4"
"zho","17"
"iga","5"
"ige","3"
"igd","1"
"igi","6"
"igh","9"
"igm","3"
"igl","4"
"igo","5"
"ign","7"
"móv","2"
"igr","2"
"igu","3"
"éct","2"
"zij","2"
"zin","2"
"zim","2"
"zio","4"
"ihe","9"
"ihi","2"
"édi","1"
"iho","3"
"l?z","1"
"ihs","1"
"iic","4"
"iid","1"
"iin","4"
"iis","4"
"iir","1"
"éel","2"
"ija","2"
"iji","11"
"iju","3"
"ika","4"
"ikb","1"
"ike","4"
"iki","5"
"égi","1"
"ikm","1"
"iko","6"
"ikr","2"
"iku","1"
"ikv","2"
"iky","2"
"ilb","2"
"ila","5"
"ild","4"
"møl","2"
"ilc","2"
"ilf","4"
"ile","20"
"zmu","1"
"ilg","2"
"ilj","2"
"ili","31"
"ill","33"
"iln","2"
"ilm","4"
"ilp","1"
"zna","1"
"ilo","2"
"ilr","3"
"ilt","2"
"ils","5"
"ilv","1"
"ilu","2"
"ilw","20"
"ily","2"
"ima","15"
"imc","1"
"imb","8"
"ime","10"
"imi","9"
"imh","1"
"imk","1"
"imm","4"
"iml","2"
"imo","6"
"imp","9"
"ims","1"
"zod","1"
"imu","1"
"zoe","2"
"zon","14"
"zoo","1"
"inb","4"
"zor","2"
"ina","28"
"ind","89"
"inc","16"
"inf","11"
"ine","82"
"inh","4"
"ing","129"
"inj","1"
"ini","27"
"inl","2"
"ink","7"
"inn","17"
"inm","10"
"inp","3"
"ino","20"
"inr","5"
"int","61"
"ins","31"
"inv","9"
"inu","2"
"inx","2"
"inw","2"
"inz","3"
"ioc","1"
"iob","1"
"zpr","2"
"iog","2"
"ioi","4"
"iom","4"
"iol","2"
"égé","2"
"ion","72"
"ios","4"
"k1s","1"
"ior","2"
"iot","4"
"rab","13"
"raa","1"
"rad","16"
"rac","12"
"raf","6"
"rae","9"
"rah","2"
"rag","11"
"ipb","2"
"raj","3"
"ipa","6"
"rai","26"
"ral","61"
"ipc","1"
"rak","3"
"ipf","1"
"ran","68"
"ipe","7"
"ram","12"
"ilä","2"
"rap","4"
"rao","2"
"rar","3"
"ipi","2"
"rat","25"
"ras","19"
"rav","3"
"ipm","2"
"rau","1"
"ipp","24"
"rax","2"
"zra","2"
"ipo","8"
"ipr","10"
"raz","7"
"ray","8"
"ipt","2"
"ips","7"
"ipu","2"
"rba","9"
"rbe","7"
"iqa","1"
"rbi","3"
"rbh","1"
"rbl","1"
"rbo","2"
"aac","1"
"aab","2"
"rbr","3"
"rbu","5"
"aai","3"
"rby","2"
"aah","1"
"aam","1"
"iqu","2"
"aal","1"
"aan","2"
"aap","1"
"rca","13"
"aas","5"
"aar","4"
"rce","51"
"rch","21"
"ira","9"
"rci","15"
"ird","2"
"rcl","2"
"irc","5"
"rck","4"
"irf","4"
"ire","24"
"irg","4"
"rco","11"
"abb","6"
"rcr","1"
"aba","16"
"iri","8"
"irl","28"
"abc","4"
"abe","10"
"rcu","3"
"irp","4"
"iro","15"
"abi","15"
"abl","3"
"irt","2"
"zte","2"
"irs","21"
"irv","2"
"abm","1"
"iru","1"
"rda","4"
"abo","9"
"irw","8"
"abr","2"
"rdc","2"
"iry","2"
"rdb","2"
"rde","10"
"abu","8"
"isa","11"
"rdi","11"
"isc","12"
"isb","4"
"ise","30"
"rdl","2"
"isg","2"
"rdo","2"
"aca","3"
"isi","10"
"ish","49"
"acc","17"
"isk","5"
"rds","5"
"acb","2"
"rdr","2"
"ace","7"
"ism","1"
"isl","6"
"iso","16"
"rdw","1"
"isn","2"
"aci","19"
"ach","16"
"isp","3"
"ack","8"
"iss","8"
"isr","3"
"zuc","1"
"isu","8"
"acl","4"
"ist","20"
"zue","1"
"aco","22"
"zuh","2"
"acq","2"
"isy","1"
"reb","4"
"acp","1"
"rea","46"
"acs","2"
"red","31"
"zul","1"
"rec","10"
"zuk","4"
"ref","4"
"act","14"
"ree","23"
"acw","1"
"reh","4"
"reg","5"
"zuo","2"
"acy","3"
"itb","2"
"zur","1"
"ita","34"
"rei","10"
"rel","13"
"itc","2"
"rek","1"
"itf","2"
"ren","15"
"ite","30"
"rem","7"
"ith","8"
"rep","13"
"adb","1"
"rer","1"
"ada","21"
"iti","60"
"req","2"
"ret","10"
"adc","4"
"itk","2"
"res","99"
"rev","2"
"ade","21"
"reu","2"
"itp","2"
"rex","4"
"ito","38"
"rew","4"
"adj","1"
"itr","6"
"adi","23"
"rey","2"
"itt","7"
"its","41"
"itv","2"
"itu","1"
"rfa","2"
"ado","6"
"adr","1"
"itz","2"
"ity","28"
"rfb","1"
"adt","1"
"ads","4"
"adv","7"
"rfi","4"
"adw","1"
"iud","1"
"rfo","4"
"iuf","4"
"aea","1"
"iuh","2"
"aec","1"
"rfr","3"
"ium","5"
"aeg","2"
"eño","2"
"aef","1"
"iun","1"
"ius","4"
"ael","13"
"iut","1"
"aeo","2"
"aen","7"
"úsa","2"
"rga","14"
"aes","5"
"aer","10"
"rgc","2"
"aeu","5"
"aet","2"
"rge","15"
"aew","1"
"iva","8"
"rgi","18"
"ive","33"
"rgo","3"
"éra","2"
"rgr","4"
"afa","6"
"ivi","4"
"rgs","2"
"aff","1"
"afe","1"
"rgu","2"
"ivo","1"
"rgw","2"
"éri","2"
"rgy","4"
"éro","1"
"afl","2"
"éné","2"
"rha","3"
"afo","4"
"afr","2"
"rhb","2"
"aft","3"
"rhe","1"
"iwa","17"
"rdè","1"
"rho","2"
"aga","17"
"iwi","1"
"agc","1"
"age","22"
"rhu","2"
"agg","1"
"agi","5"
"agh","1"
"agl","2"
"ago","11"
"agn","9"
"rib","5"
"ria","36"
"rid","11"
"agr","18"
"ric","107"
"agu","2"
"rif","5"
"rie","18"
"zym","2"
"úun","2"
"rig","9"
"ixa","2"
"rii","2"
"ril","7"
"rik","1"
"rin","25"
"rip","7"
"rio","7"
"ahb","2"
"rir","2"
"aha","6"
"ixi","4"
"rit","54"
"ris","34"
"riv","2"
"ahe","3"
"riu","2"
"rix","4"
"zza","1"
"ixo","2"
"riw","2"
"riz","6"
"ahi","15"
"riy","2"
"ahl","1"
"ixs","2"
"aho","8"
"ahs","1"
"rjg","1"
"ahu","1"
"iya","5"
"aia","3"
"iyi","1"
"aic","8"
"aib","2"
"aie","6"
"aid","9"
"aig","5"
"iyo","10"
"aif","5"
"aii","8"
"aih","4"
"aik","2"
"aij","1"
"aim","7"
"iyu","2"
"ail","36"
"aio","3"
"ain","25"
"aip","13"
"rka","3"
"ais","18"
"rkd","1"
"air","63"
"rkc","4"
"ait","11"
"rke","9"
"aiw","14"
"aiy","2"
"aix","2"
"iza","2"
"rki","5"
"rkl","4"
"aiz","2"
"izc","2"
"ize","10"
"rkm","3"
"izh","1"
"rko","2"
"aja","4"
"rkt","1"
"rks","15"
"aje","1"
"ajh","2"
"izo","6"
"izr","2"
"aji","4"
"izu","6"
"rla","1"
"izz","1"
"rle","9"
"rld","9"
"rli","25"
"aka","4"
"rlp","2"
"rls","2"
"akb","2"
"ake","10"
"rlu","1"
"akg","1"
"aki","10"
"rly","3"
"akm","2"
"ako","1"
"rmb","1"
"rma","21"
"aku","7"
"rme","4"
"aky","3"
"rmi","5"
"akz","2"
"rmo","18"
"alb","4"
"nér","2"
"ala","30"
"ald","9"
"alc","15"
"alf","10"
"ale","45"
"rmu","1"
"alh","6"
"alg","9"
"été","2"
"alj","2"
"ali","32"
"all","52"
"alk","7"
"alm","14"
"alp","17"
"rna","10"
"alo","7"
"alr","16"
"alq","2"
"rnb","4"
"alt","46"
"rne","11"
"als","37"
"rnd","2"
"alu","7"
"rni","7"
"alz","2"
"aly","5"
"rno","2"
"rnn","2"
"ama","31"
"amc","9"
"amb","9"
"rnr","1"
"ame","51"
"rnu","2"
"amd","2"
"rnt","4"
"amg","2"
"ami","13"
"amm","1"
"amo","3"
"rob","7"
"amp","11"
"roa","6"
"ams","21"
"rod","15"
"amr","2"
"roc","17"
"rof","3"
"amt","1"
"roe","3"
"amw","2"
"rog","6"
"roj","2"
"rol","32"
"rok","4"
"ron","70"
"rom","7"
"t1m","2"
"rop","40"
"roo","3"
"anb","3"
"ror","3"
"ana","73"
"and","94"
"rot","6"
"anc","116"
"ros","18"
"anf","2"
"rov","2"
"ane","17"
"rou","10"
"anh","9"
"rox","5"
"ang","91"
"row","15"
"anj","4"
"ani","17"
"roy","12"
"anl","8"
"ank","65"
"ann","9"
"anm","9"
"anp","19"
"rpa","1"
"ano","19"
"anr","10"
"anq","5"
"rpb","1"
"ant","72"
"rpe","2"
"ans","38"
"anv","1"
"anu","7"
"anx","8"
"rpi","2"
"anw","9"
"rph","4"
"anz","7"
"any","8"
"rpo","7"
"rpr","14"
"rpu","2"
"aog","1"
"aoh","2"
"aoj","1"
"aom","1"
"aol","3"
"aon","3"
"aop","2"
"aos","2"
"aot","2"
"aov","2"
"jab","5"
"rmè","2"
"aoz","2"
"jac","4"
"jaj","2"
"apa","18"
"apf","2"
"ape","11"
"jam","4"
"aph","2"
"jap","14"
"apg","2"
"jar","4"
"api","6"
"apl","7"
"jas","1"
"jau","2"
"app","15"
"rra","4"
"apo","10"
"apr","1"
"jaz","1"
"rrc","1"
"rre","5"
"apu","2"
"rri","12"
"apz","2"
"rro","8"
"aqa","2"
"jbh","2"
"aqi","2"
"rry","6"
"jbs","2"
"amé","2"
"aqo","1"
"rsb","2"
"rsa","6"
"rsd","3"
"rsc","7"
"rsf","1"
"rse","13"
"amó","2"
"rsh","4"
"rsi","3"
"rsk","8"
"rsn","2"
"jch","2"
"rso","13"
"arb","8"
"ara","36"
"ard","39"
"rst","25"
"arc","20"
"rss","2"
"arf","1"
"are","46"
"rsu","2"
"jcp","2"
"arg","11"
"rsw","1"
"ari","30"
"arl","7"
"ark","21"
"arn","7"
"arm","16"
"arp","9"
"aro","7"
"at1","2"
"arr","13"
"art","39"
"rte","11"
"ars","13"
"arv","1"
"rtg","1"
"aru","4"
"rtf","2"
"rti","33"
"arw","2"
"rth","12"
"jdc","1"
"rtm","3"
"rtl","1"
"rto","10"
"rtn","3"
"asa","17"
"asc","14"
"rts","22"
"asb","2"
"rtr","4"
"ase","21"
"rtu","9"
"asd","2"
"asg","2"
"asf","2"
"asi","23"
"rty","24"
"ash","17"
"ask","4"
"rtz","2"
"asm","3"
"asl","1"
"aso","6"
"asn","3"
"rub","9"
"asp","10"
"ass","35"
"rud","4"
"asr","4"
"ruc","1"
"asu","2"
"ast","48"
"asw","2"
"asv","2"
"rug","3"
"asy","4"
"rui","6"
"jed","2"
"jec","2"
"ruk","1"
"run","3"
"rum","7"
"rup","30"
"rur","5"
"ata","34"
"atc","6"
"rus","27"
"jen","2"
"ate","68"
"ath","17"
"jer","2"
"ati","40"
"ruy","2"
"atl","6"
"jet","3"
"jes","1"
"atn","2"
"atm","1"
"atp","3"
"rva","5"
"ato","13"
"jew","2"
"atr","4"
"att","12"
"rve","2"
"ats","6"
"atu","14"
"rvi","11"
"atw","4"
"jfe","2"
"aud","20"
"jfr","1"
"aul","6"
"auo","2"
"rwa","9"
"aus","8"
"aur","10"
"aut","35"
"rwe","3"
"rwh","1"
"auv","1"
"wär","2"
"jga","1"
"rwi","3"
"jgc","1"
"rwo","4"
"ava","7"
"ave","6"
"avi","21"
"jgs","1"
"avn","2"
"avo","3"
"avy","13"
"jhe","1"
"awa","7"
"jhi","2"
"awk","2"
"ryb","1"
"rya","2"
"aws","1"
"ryd","1"
"ryc","2"
"ryf","1"
"aww","1"
"ryh","1"
"ryg","2"
"jia","11"
"ryl","2"
"ryk","2"
"jif","2"
"jie","1"
"jih","1"
"ryp","2"
"ryr","1"
"axa","4"
"jil","1"
"ryt","1"
"rys","5"
"jin","20"
"jim","3"
"ryz","1"
"axi","12"
"jit","3"
"jiu","1"
"axo","2"
"jiz","1"
"rzb","2"
"axt","2"
"axy","3"
"aya","9"
"ayc","4"
"ayb","2"
"aye","2"
"ayi","3"
"ayh","1"
"aym","3"
"ayl","1"
"ayn","1"
"ayp","3"
"ays","12"
"ayr","1"
"ayu","1"
"ayt","2"
"ayw","2"
"aza","2"
"azd","2"
"aze","4"
"azi","4"
"azm","1"
"azp","2"
"azo","2"
"azz","1"
"jle","2"
"jms","2"
"joh","9"
"joi","1"
"jol","1"
"saa","2"
"sac","5"
"joy","2"
"sab","8"
"sad","2"
"sag","4"
"saf","3"
"sai","19"
"sah","6"
"sak","5"
"sam","23"
"sal","15"
"san","39"
"sap","10"
"sas","14"
"nür","2"
"sar","4"
"jpm","2"
"sau","19"
"sat","4"
"sav","2"
"say","1"
"sba","15"
"sbc","2"
"sbe","4"
"sbi","1"
"sbl","1"
"sbo","1"
"bab","2"
"sbr","4"
"bad","6"
"bac","7"
"bae","3"
"sbu","4"
"bag","1"
"baj","2"
"bai","11"
"bal","16"
"bak","3"
"ban","129"
"sca","12"
"bao","6"
"bar","13"
"bat","2"
"sce","3"
"bas","9"
"bau","1"
"bax","2"
"sci","11"
"sch","34"
"bay","11"
"scm","1"
"sco","44"
"bba","1"
"bbc","1"
"scr","4"
"bbe","5"
"scu","2"
"bbm","2"
"bbo","2"
"sda","2"
"bbt","2"
"bbv","5"
"jsa","2"
"sdi","6"
"sdo","2"
"bcb","1"
"sdr","1"
"sds","1"
"bce","2"
"bci","2"
"bcl","1"
"sea","19"
"bco","4"
"jsw","1"
"sec","29"
"seb","4"
"see","3"
"bcv","1"
"seg","1"
"sei","17"
"seh","1"
"sek","7"
"jte","2"
"sem","9"
"sel","6"
"sen","17"
"ses","9"
"ser","22"
"bde","2"
"set","11"
"sev","7"
"sex","3"
"bdo","1"
"sfa","4"
"jud","1"
"sfo","4"
"sfr","2"
"bea","4"
"bed","2"
"jul","1"
"bec","2"
"jun","5"
"jup","1"
"beg","1"
"jur","2"
"bei","9"
"bel","10"
"bek","1"
"jus","2"
"ben","9"
"bem","1"
"sga","3"
"ber","43"
"bet","1"
"bes","8"
"bev","7"
"bey","2"
"sgo","2"
"sgs","1"
"sgr","2"
"shb","2"
"sha","50"
"shc","1"
"shf","2"
"she","25"
"shi","72"
"shl","3"
"shn","2"
"shm","3"
"sho","17"
"shr","2"
"sht","1"
"shs","3"
"fón","2"
"shu","7"
"shy","2"
"sia","23"
"sic","6"
"sie","4"
"sid","10"
"sig","5"
"sif","1"
"jxc","2"
"sik","5"
"sim","9"
"sil","9"
"sio","11"
"sin","35"
"bha","5"
"sis","2"
"sir","1"
"sit","2"
"siv","2"
"bhi","1"
"jxt","1"
"bhp","2"
"bhu","2"
"sjm","1"
"bib","3"
"bia","7"
"bid","2"
"bic","2"
"big","2"
"bii","2"
"bil","20"
"jys","2"
"bin","8"
"bim","3"
"ska","12"
"bio","4"
"bir","1"
"ske","8"
"bis","22"
"skf","2"
"ski","7"
"skh","4"
"skl","4"
"sko","2"
"skn","4"
"sks","2"
"skt","2"
"sky","5"
"sla","11"
"sle","2"
"slg","2"
"sli","3"
"slm","1"
"sma","7"
"smc","2"
"sme","9"
"smi","10"
"sml","2"
"smo","2"
"bla","5"
"ble","9"
"smu","4"
"bli","19"
"blo","6"
"snb","2"
"sna","8"
"snc","1"
"blu","2"
"sne","9"
"sni","2"
"bmc","1"
"bmf","2"
"bmg","2"
"bmi","1"
"soc","8"
"sod","2"
"sof","6"
"soi","2"
"bmw","2"
"soh","2"
"soj","1"
"som","1"
"sol","12"
"son","64"
"sor","12"
"sou","55"
"bnk","1"
"bnp","2"
"spa","11"
"spe","11"
"sph","2"
"spg","1"
"spi","2"
"spl","4"
"wüs","2"
"spo","7"
"spr","3"
"boa","2"
"bod","1"
"boe","5"
"boh","1"
"boi","2"
"bol","4"
"bok","2"
"bon","2"
"bom","2"
"bop","1"
"boo","3"
"bor","7"
"bot","5"
"bos","7"
"bov","2"
"bou","2"
"kaa","1"
"sqm","1"
"kag","5"
"kai","6"
"kah","2"
"kaj","2"
"bpe","1"
"kam","2"
"squ","2"
"kal","2"
"kao","2"
"kan","15"
"bpi","3"
"kap","2"
"kas","5"
"kar","2"
"bpm","1"
"kat","1"
"kaw","4"
"srb","1"
"sra","5"
"kaz","1"
"âlo","1"
"sre","6"
"kbb","1"
"kba","4"
"kbd","1"
"kbc","2"
"óni","2"
"srn","1"
"sro","2"
"kbp","1"
"ssa","12"
"ssc","6"
"ssb","1"
"sse","18"
"ssg","1"
"ssi","11"
"ssh","1"
"kce","2"
"ssl","1"
"sso","10"
"bra","29"
"ssq","2"
"ssp","5"
"sss","4"
"ssr","1"
"bre","10"
"ssu","5"
"sst","4"
"kco","5"
"ssw","1"
"brf","2"
"bri","23"
"brm","1"
"bro","16"
"stb","9"
"sta","63"
"std","3"
"stc","4"
"stf","3"
"ste","95"
"sth","6"
"stg","3"
"stj","6"
"kda","1"
"sti","15"
"kdd","2"
"stl","5"
"stn","3"
"kde","2"
"stm","5"
"stp","5"
"sto","39"
"str","66"
"stq","2"
"stv","1"
"bse","1"
"stu","2"
"stx","1"
"stw","2"
"sub","20"
"sue","2"
"sud","2"
"kea","2"
"sui","17"
"suh","1"
"suk","7"
"sum","20"
"ked","5"
"sul","3"
"sun","44"
"kei","2"
"sup","8"
"sus","4"
"sur","16"
"kem","4"
"kel","7"
"btg","1"
"ken","7"
"suv","1"
"suy","2"
"kep","3"
"kes","4"
"ker","23"
"suz","6"
"ket","4"
"key","4"
"svb","1"
"kex","2"
"sve","4"
"sré","1"
"kfi","2"
"bud","8"
"buc","2"
"bue","3"
"bui","5"
"bul","1"
"buk","1"
"bun","5"
"swa","5"
"bur","10"
"swe","3"
"bus","6"
"kga","1"
"swi","7"
"buy","2"
"bva","3"
"kgh","1"
"sws","1"
"brá","2"
"üdz","1"
"kgo","2"
"bvi","2"
"stè","1"
"khe","2"
"sté","2"
"bwe","2"
"khu","1"
"khy","4"
"syd","1"
"kia","7"
"syj","2"
"sym","3"
"kif","2"
"syn","8"
"kih","2"
"kik","3"
"sys","25"
"kim","4"
"kio","3"
"kin","28"
"kis","9"
"kir","4"
"kit","5"
"kiy","5"
"óvi","2"
"kje","1"
"byd","2"
"kka","2"
"kko","2"
"kla","7"
"kle","3"
"kli","6"
"klm","2"
"klu","2"
"kma","3"
"kme","3"
"gén","2"
"kne","2"
"kni","2"
"kno","2"
"kob","2"
"koe","2"
"kog","1"
"koi","3"
"koh","4"
"kok","5"
"kom","8"
"koo","1"
"kon","12"
"kop","4"
"kos","4"
"kor","15"
"kou","1"
"kot","2"
"tab","3"
"taa","2"
"tad","2"
"tac","8"
"tae","3"
"tag","4"
"tai","43"
"tal","59"
"tak","5"
"tan","22"
"tam","5"
"kph","2"
"tap","5"
"tar","24"
"taq","2"
"tat","33"
"tas","20"
"kpn","2"
"tav","3"
"tau","4"
"kpo","2"
"tay","1"
"tba","8"
"tbe","2"
"tbl","1"
"caa","3"
"cac","10"
"cab","2"
"tbr","4"
"cae","2"
"tbu","2"
"cad","3"
"cag","5"
"cai","5"
"cam","10"
"cal","28"
"cao","1"
"can","60"
"cap","18"
"tca","1"
"cas","8"
"car","37"
"cat","20"
"tce","1"
"tch","11"
"cay","2"
"kra","2"
"tci","1"
"tcl","2"
"kre","5"
"tco","5"
"cba","2"
"kri","3"
"cbc","2"
"tcs","1"
"cbe","1"
"kro","5"
"kru","4"
"tda","4"
"cbr","2"
"tdc","1"
"tde","1"
"cbs","2"
"tdi","4"
"tdk","2"
